$ANSIBLE_VAULT;1.1;AES256
65613062666166663634363037616663643935646163356631303738353938636237396130313035
3737353262316530356531346239383461613165626336390a346532393963653031383639366336
66316166386461616236376335626434616662396365646433376530376562623962336165306232
6364663062323961330a656335376631633463393964346265393235633561616361386634613039
36653338623938613534366634616137333764376230366636613336643138383365383564613764
30313563623432623037376363386162386231653737653365636536376166383066366430333839
64363839326136636530333164393635393833616137636266363335666431613266343866633330
30303637666431376366393361373563616463313735636566396438353165643638623934663637
34313132383663313130663835313839323439353035383533316564323632656265323866386565
65313233316266363562333935343633633737333632343331623136393530663033393165396337
39386436306134316664303665343636616566353531633064613638396662356238643134663862
32376361613131343363316566613737326166616464646166643863316239396237643462636330
64313364313132393831616433386635376461626237383234613136316633316462353638623938
34343162663963353634383836653539363863636139366363363434626563313131303466316232
36376164396134626166316239393761646438336337313265303637633566653838333663306564
31313131366231666131643965646163373632333630323765646261363730316132303861646631
62333235623233653430323036363137363933636231623536336331623865353933353738656134
37393261323964613434313166363364613531373161636132303361326465393533376166373164
32363565303930326230656262343830386139623337653965646335623661383764633066363832
66616336656338656166386130316138353334653263323637633665373666393030336661373561
36373238383739313237356462663166346435356337376239303063313661386137316138393564
63623031373962663734316239376232366336323232643262353236306665626666353163633934
63633639316337356461396635646437613038383361643364373337643033663165343631316231
66303863376332356634383738633330386231386236646166666534386435663466653736663733
66383065393730383233363762383966343163663961353661366531336366333963333962343637
39633266643061346638303735616535633635303432663665343964633661613361396263613665
61626237316539343232626139663934666164353838666135353830643630613133306463366162
61633237623339656538343264363637383135633561373262623266386230393939363736383233
36653264663363323534363034633762386536623636366361373661636136333063396539613265
36653630376164646636323665666238323866323036653430653936643139343534376164623336
38633132346538633339353131373335383238363736343339313138346164636539373235386530
63353265636565386631353832316464376333373134383130313737356264343831633135386239
35396239336437393733366432313238323462653034303133323564386661396561386237373932
31663461333036613832303938663933653630373131396134623635383134366132343935363336
30353437336261333237666461316638313133626335393832396163623537333933316339343264
34346664323564623361316363386264303737313861363635643263623931353933663065636661
33393263346333653430643136366162643132666432373064653063623533663237326233383061
33663666336464643938613965653735623038346635303338396664306661376136373237353631
32613664613836613032396233393865393736393033343033646264376335336231323533363830
36376363356665373330623162383262323866333233663438613832363366313939396363333132
32386635323865336537616662346239663537333733306630346337383333656633646364303261
38663663313833306164663431383331333765316465326334633466623366653230373961623762
61386362393465343864376635386432346433303130653564316265373133666632383963306235
30613330323837303937643666656230666533383230346361336330613365616664616630353364
61623030323535643337366661653136386531326630313636333463643261343930656666623939
38363037653131323862653830303661396235363062363334643335666336643265633031386363
32336433313934623039373766623764653762373464343532303264396265656662656538636265
35636530303438613165626132333731323666653931393862633735666265343432373665383936
37316334386137643465303362383033626464356434646564363433653234623535326233386431
32306339623561623661333566306238363932636131333034366435613435616530306335383564
30326661633036386635303861386537363163666639353436643763376536633264666630333135
38623130613663653831666565363962616334363439353334323631393966373634383565353835
39333365343734336137616362303539303833346134646133306163363763343438323332326239
63626361636534346330643938623966396164643137666539323366396362613138333631333032
65616539623830663862636165303561376639306536386565353236346162353431303235373134
61313839613233386331653462343762613261333865376138373765346639313130633931663239
63306439663030396433386461333939636163393038326465643163656362336232653262323963
61393462636464383961623230353666383261306630666331656463613239623266636434623738
64636438363130613866623234346134386536353932366538376365666336626630333737353863
34643230356133386636393331343735643437616661626137383135663664333364623464386335
37313935663039333665393362343362343263306230393935383630373638326430323361333937
30353365343135633435326637613864343464626634386532326632666632616237663836643433
66653830626633313331333936356564633735343932343565353565393434363436356165356432
64666265316538383765343634303466326638343732376638616463353239306334336562343365
65323131343034356265313736346162356163346630613936666438363463323330353134393934
64306331656435373735303536333630393937666265663630306439336534373133623535303433
32633837323636383132616231633534366161393634353466306138633932623361316335616561
66363236343033626435663063393163313732663763646433346535366434383831666439616561
36653839333930363933623062323465616661353036383633613666666639353436303735646238
66633566616561323236393631633664383134336538626430373962613262343633663635303866
38343635616439333031346232363231333738386130376164313766353866313331396439653633
33346430313336343736646333623130333463313764633335313536343633323039306136333039
33376435636633623734313235323965336434383133626463353538326438303934643765323235
63373338666431396634303064653461386132613839346235643532633430323433336536353336
36303338633231373836643932633835333663613932333933393939386534643065646332643065
33326536653636663630353330306337633230313936396262336339333336333562306364636433
39386165323235383136303431633865616635646636626330626362363139326466333665363830
39663731366366643765663063623536656536343333313363366666313532633135313430613434
64356261393464643632626634653764386362633131633334616332633763313864633638316531
32353434653463633032343130313265616563646439343566386635626232656635363139373334
31306466336136353032626331626163373437383537373064346530303739313639376634393564
38376362623565393661353463623631333138613531616630333065613335363161663861623938
66383434393234653035383366636361616663613964393730643637613738666463613563656232
37303532353230643038323437353034613230633866633066613238323535653164393537366263
36396635343564383565623063626539366131313862656433346234666262616130623735613131
65666534366665396663396161316539663735383634363262303637646633313539393462366639
61313133323237316366353464353431633166636432363466663266346430326561636437383037
64663633636136636666
